      0/54     9.86G   0.07363   0.01738         0     0.091         7       640   0.08563    0.1429   0.01824  0.002435   0.07714   0.01471         0
      1/54     10.5G   0.07008   0.01523         0   0.08531         8       640     0.421    0.1905    0.1765   0.08131   0.05993   0.01324         0
      2/54     10.5G   0.06129   0.01396         0   0.07526         4       640    0.5985    0.2842    0.3169    0.1961   0.05192   0.01178         0
      3/54     10.5G   0.05545   0.01294         0    0.0684         4       640    0.6415    0.4286    0.4471      0.19   0.04723   0.01094         0
      4/54     10.5G   0.05784   0.01223         0   0.07007         8       640     0.444    0.7605    0.5216    0.2603   0.04609  0.009817         0
      5/54     10.5G   0.05266   0.01195         0   0.06461         9       640    0.6915    0.8095    0.7795     0.325   0.04038  0.009511         0
      6/54     10.5G   0.05031   0.01075         0   0.06106         6       640    0.9797    0.4286    0.6627    0.3163   0.04025  0.008527         0
      7/54     10.5G   0.04858   0.01234         0   0.06092        10       640    0.7334    0.8095    0.8091     0.367   0.04064  0.007933         0
      8/54     10.5G   0.04538   0.01045         0   0.05583         3       640    0.9933    0.8571    0.8968    0.4347   0.03926   0.00739         0
      9/54     10.5G    0.0476  0.009854         0   0.05745         9       640    0.5996         1    0.8546    0.3736   0.04401  0.006465         0
     10/54     10.5G   0.04744  0.009395         0   0.05683         9       640    0.8928    0.8571    0.9156    0.3467   0.04612  0.005987         0
     11/54     10.5G   0.04975  0.009401         0   0.05915         8       640    0.9999    0.7619    0.9254    0.5961   0.04062  0.006147         0
     12/54     10.5G    0.0518  0.009531         0   0.06133        10       640    0.5707    0.9524    0.6934    0.1999   0.04377  0.006101         0
     13/54     10.5G    0.0514  0.008499         0    0.0599         6       640    0.7809    0.8571    0.9105    0.3316   0.03931  0.006681         0
     14/54     10.5G   0.04867  0.009162         0   0.05783         5       640    0.9492    0.9048    0.9515    0.6098   0.03764  0.006175         0
     15/54     10.5G   0.05104  0.008408         0   0.05945         8       640    0.8058         1    0.9441    0.4369   0.04134  0.005695         0
     16/54     10.5G   0.05093  0.008919         0   0.05985        10       640    0.8678    0.9524    0.9547    0.5338   0.03601  0.005875         0
     17/54     10.5G   0.05103  0.008557         0   0.05959         7       640    0.8678    0.9524    0.9482    0.6928   0.03335  0.005712         0
     18/54     10.5G   0.04794  0.007934         0   0.05588         6       640    0.9995    0.8571    0.9756    0.6514   0.03446  0.005881         0
     19/54     10.5G   0.04854  0.008346         0   0.05689         9       640    0.9116         1    0.9663    0.5097    0.0337  0.005956         0
     20/54     10.5G   0.04844  0.008044         0   0.05648        14       640    0.9439    0.8571    0.9261    0.3649   0.03865  0.005925         0
     21/54     10.5G   0.04678   0.00759         0   0.05437         6       640    0.4587    0.2857    0.2444    0.1007   0.05786  0.006718         0
     22/54     10.5G    0.0453  0.006785         0   0.05209         9       640    0.8885     0.381     0.415      0.26    0.0499  0.006329         0
     23/54     10.5G    0.0534  0.007368         0   0.06077         8       640    0.9285    0.6188    0.7659    0.4457   0.03375  0.006239         0
     24/54     10.5G   0.05385  0.007485         0   0.06134         9       640    0.9997    0.9048     0.968    0.6455   0.03087  0.005296         0
     25/54     10.5G   0.03771  0.007555         0   0.04526         9       640         1         1     0.995    0.6494   0.03046  0.004872         0
     26/54     10.5G   0.04801  0.006845         0   0.05485         8       640     0.954         1    0.9846    0.5905   0.03055  0.004811         0
     27/54     10.5G   0.04689  0.007624         0   0.05452        14       640    0.9992         1     0.995     0.642   0.03101   0.00471         0
     28/54     10.5G   0.04463  0.006933         0   0.05156         7       640    0.9997         1     0.995    0.6303    0.0305   0.00452         0
     29/54     10.5G   0.04432  0.006531         0   0.05086         7       640    0.9999         1     0.995    0.7365   0.02671  0.004793         0
     30/54     10.5G   0.04034   0.00665         0   0.04699         8       640    0.9532         1    0.9864    0.7612   0.02703  0.004733         0
     31/54     10.5G   0.04444  0.006424         0   0.05086         9       640    0.9999         1     0.995    0.6927   0.03045  0.004254         0
     32/54     10.5G   0.04678  0.006623         0   0.05341         9       640    0.9999         1     0.995    0.7903   0.02812   0.00406         0
     33/54     10.5G   0.03863  0.006629         0   0.04526        11       640    0.9985         1     0.995    0.5573   0.03192  0.003997         0
     34/54     10.5G   0.04646  0.006467         0   0.05292         6       640    0.9539         1    0.9846    0.6494   0.02955  0.003956         0
     35/54     10.5G   0.03707  0.005843         0   0.04292         8       640     0.913         1    0.9763    0.6163   0.02843  0.004009         0
     36/54     10.5G   0.04627   0.00642         0   0.05269         7       640    0.9952         1     0.995    0.5451   0.03082  0.004045         0
     37/54     10.5G   0.04173  0.006325         0   0.04805         6       640     0.913         1    0.9872    0.5966   0.03011  0.004021         0
     38/54     10.5G   0.04822  0.006426         0   0.05464        10       640    0.9125         1    0.9785    0.5951   0.02812  0.004088         0
     39/54     10.5G   0.03724  0.006459         0    0.0437         6       640    0.8398         1     0.967    0.5938    0.0274  0.004216         0
     40/54     10.5G   0.04202  0.006537         0   0.04855         9       640    0.8747         1    0.9743     0.745    0.0273   0.00405         0
     41/54     10.5G   0.03844  0.005997         0   0.04444         5       640    0.8745         1    0.9788    0.6646   0.02841  0.004011         0
     42/54     10.5G    0.0436  0.006276         0   0.04988        18       640    0.9127         1    0.9822     0.653   0.02923  0.003908         0
     43/54     10.5G   0.03716  0.006281         0   0.04344        10       640    0.9543         1    0.9864    0.6726   0.02811  0.003861         0
     44/54     10.5G   0.03514    0.0056         0   0.04074        10       640    0.9533         1    0.9864    0.7801   0.02474  0.004018         0
     45/54     10.5G   0.03576  0.006514         0   0.04227        12       640    0.9545         1    0.9864    0.5941   0.02701  0.004035         0
     46/54     10.5G   0.03617  0.006148         0   0.04232         3       640    0.9126         1    0.9822    0.7962    0.0259  0.003661         0
     47/54     10.5G   0.03492  0.005359         0   0.04028         5       640    0.9538         1    0.9864    0.7119   0.02716  0.003689         0
     48/54     10.5G   0.03308  0.006096         0   0.03917        10       640    0.9538         1    0.9864    0.7653   0.02557  0.003662         0
     49/54     10.5G   0.03515  0.005603         0   0.04075         4       640    0.9541         1    0.9864    0.7551   0.02448   0.00366         0
     50/54     10.5G   0.02756  0.006123         0   0.03369        11       640     0.913         1    0.9822    0.8025   0.02337  0.003604         0
     51/54     10.5G   0.02901  0.005804         0   0.03481         5       640    0.9543         1    0.9864    0.7942   0.02425  0.003589         0
     52/54     10.5G   0.02937   0.00559         0   0.03496         6       640    0.9544         1    0.9864    0.7764   0.02381  0.003607         0
     53/54     10.5G   0.02826  0.005768         0   0.03403        13       640    0.9543         1    0.9865    0.7489   0.02432  0.003596         0
     54/54     10.5G   0.03273  0.005334         0   0.03806         8       640    0.9535         1    0.9824    0.7392   0.02356  0.003581         0
